         ps       /tb/rst             /tb/count           
          delta     /tb/clk              /tb/busy         
                   /tb/repeat                             
                        /tb/upperBound                    
          0  +3         1 0 1 00000010 00000000 1 
      50000  +1         1 1 1 00000010 00000000 1 
     100000  +1         0 0 1 00000010 00000000 1 
     150000  +1         0 1 1 00000010 00000000 1 
     200000  +1         0 0 1 00000010 00000000 1 
     250000  +3         0 1 1 00000010 00000001 1 
     300000  +1         0 0 1 00000010 00000001 1 
     350000  +3         0 1 1 00000010 00000000 1 
     400000  +1         0 0 1 00000010 00000000 1 
     450000  +3         0 1 1 00000010 00000001 1 
     500000  +1         0 0 1 00000010 00000001 1 
     550000  +3         0 1 1 00000010 00000010 1 
     600000  +1         0 0 1 00000010 00000010 1 
     650000  +3         0 1 1 00000010 00000000 1 
     700000  +1         0 0 1 00000010 00000000 1 
     750000  +1         0 1 1 00000010 00000000 1 
     800000  +1         0 0 1 00000010 00000000 1 
     850000  +3         0 1 1 00000010 00000001 1 
     900000  +1         0 0 1 00000010 00000001 1 
     950000  +3         0 1 1 00000010 00000000 1 
    1000000  +1         0 0 1 00000010 00000000 1 
    1050000  +3         0 1 1 00000010 00000001 1 
    1100000  +1         0 0 1 00000010 00000001 1 
    1150000  +3         0 1 1 00000010 00000010 1 
    1200000  +1         0 0 1 00000100 00000010 1 
    1250000  +3         0 1 1 00000100 00000000 1 
    1300000  +1         0 0 1 00000100 00000000 1 
    1350000  +3         0 1 1 00000100 00000001 1 
    1400000  +1         0 0 1 00000100 00000001 1 
    1450000  +3         0 1 1 00000100 00000010 1 
    1500000  +1         0 0 1 00000100 00000010 1 
    1550000  +3         0 1 1 00000100 00000011 1 
    1600000  +1         0 0 1 00000100 00000011 1 
    1650000  +3         0 1 1 00000100 00000000 1 
    1700000  +1         0 0 1 00000100 00000000 1 
    1750000  +3         0 1 1 00000100 00000001 1 
    1800000  +1         0 0 1 00000100 00000001 1 
    1850000  +3         0 1 1 00000100 00000010 1 
    1900000  +1         0 0 1 00000100 00000010 1 
    1950000  +3         0 1 1 00000100 00000011 1 
    2000000  +1         0 0 1 00000100 00000011 1 
    2050000  +3         0 1 1 00000100 00000100 1 
    2100000  +1         0 0 1 00000100 00000100 1 
    2150000  +3         0 1 1 00000100 00000000 1 
    2200000  +1         0 0 1 00000100 00000000 1 
    2250000  +1         0 1 1 00000100 00000000 1 
    2300000  +1         0 0 1 00000100 00000000 1 
    2350000  +3         0 1 1 00000100 00000001 1 
    2400000  +1         0 0 1 00000110 00000001 1 
    2450000  +3         0 1 1 00000110 00000000 1 
    2500000  +1         0 0 0 00000110 00000000 1 
    2550000  +3         0 1 0 00000110 00000001 1 
    2600000  +1         0 0 0 00000110 00000001 1 
    2650000  +3         0 1 0 00000110 00000010 1 
    2700000  +1         0 0 0 00000110 00000010 1 
    2750000  +3         0 1 0 00000110 00000000 1 
    2800000  +1         0 0 0 00000110 00000000 1 
    2850000  +3         0 1 0 00000110 00000001 1 
    2900000  +1         0 0 0 00000110 00000001 1 
    2950000  +3         0 1 0 00000110 00000010 1 
    3000000  +1         0 0 0 00000110 00000010 1 
    3050000  +3         0 1 0 00000110 00000011 1 
    3100000  +1         0 0 0 00000110 00000011 1 
    3150000  +3         0 1 0 00000110 00000000 1 
    3200000  +1         0 0 0 00000110 00000000 1 
    3250000  +3         0 1 0 00000110 00000001 1 
    3300000  +1         0 0 0 00000110 00000001 1 
    3350000  +3         0 1 0 00000110 00000010 1 
    3400000  +1         0 0 0 00000110 00000010 1 
    3450000  +3         0 1 0 00000110 00000011 1 
    3500000  +1         0 0 0 00000110 00000011 1 
    3550000  +3         0 1 0 00000110 00000100 1 
    3600000  +1         0 0 0 00001000 00000100 1 
    3650000  +3         0 1 0 00001000 00000000 1 
    3700000  +1         0 0 0 00001000 00000000 1 
    3750000  +3         0 1 0 00001000 00000001 1 
    3800000  +1         0 0 0 00001000 00000001 1 
    3850000  +3         0 1 0 00001000 00000010 1 
    3900000  +1         0 0 0 00001000 00000010 1 
    3950000  +3         0 1 0 00001000 00000011 1 
    4000000  +3         0 0 0 00001000 00000011 1 
